[External]
Key_1_1 = 0.0017471157505453139
Key_1_2 = -0.983417936260358
Key_1_3 = 0.18134527903414793
Key_1_4 = 0.05071405441557089
Key_2_1 = 0.999994461704259
Key_2_2 = 0.0012044436967842964
Key_2_3 = -0.003102559619223552
Key_2_4 = -0.031094080057472447
Key_3_1 = 0.0028326925995872387
Key_3_2 = 0.18134969522113914
Key_3_3 = 0.9834145941035429
Key_3_4 = 0.025469683144691307

[Internal]
Key_1_1 = 904.50724252
Key_1_2 = 0.0
Key_1_3 = 639.18168277
Key_2_1 = 0.0
Key_2_2 = 903.99107904
Key_2_3 = 374.31724749
Key_3_1 = 0.0
Key_3_2 = 0.0
Key_3_3 = 1.0

