[External]
Key_1_1 = 0.012774766243617619
Key_1_2 = -0.999891843484312
Key_1_3 = 0.007287433084768423
Key_1_4 = 0.08939872419674547
Key_2_1 = 0.999907292492834
Key_2_2 = 0.012808635888416187
Key_2_3 = 0.004620093757509649
Key_2_4 = -0.03662148665700734
Key_3_1 = -0.004712936141210681
Key_3_2 = 0.007227736867237711
Key_3_3 = 0.9999627733334411
Key_3_4 = 0.03207856934339544

[Internal]
Key_1_1 = 609.4892578125
Key_1_2 = 0.0
Key_1_3 = 320.545166015625
Key_2_1 = 0.0
Key_2_2 = 608.1273803710938
Key_2_3 = 251.06906127929688
Key_3_1 = 0.0
Key_3_2 = 0.0
Key_3_3 = 1.0

