[External]
Key_1_1 = 0.00039539956555179057
Key_1_2 = -0.9842227528133694
Key_1_3 = 0.17693336741173776
Key_1_4 = 0.04808018972286401
Key_2_1 = 0.9999975946887942
Key_2_2 = 7.448324712666654e-06
Key_2_3 = -0.0021932991471142055
Key_2_4 = -0.029487394409435635
Key_3_1 = 0.002157377067142932
Key_3_2 = 0.17693380906145634
Key_3_3 = 0.9842203883964171
Key_3_4 = 0.008069933115243984

[Internal]
Key_1_1 = 914.2339477539062
Key_1_2 = 0.0
Key_1_3 = 640.8177490234375
Key_2_1 = 0.0
Key_2_2 = 912.1910400390625
Key_2_3 = 376.6036071777344
Key_3_1 = 0.0
Key_3_2 = 0.0
Key_3_3 = 1.0

