[External]
Key_1_1 = 0.021084368275463672
Key_1_2 = -0.9834180198170767
Key_1_3 = 0.18012342355586214
Key_1_4 = -0.03482668463397148
Key_2_1 = 0.9997772337563352
Key_2_2 = 0.020565353783663975
Key_2_3 = -0.004748587819891376
Key_2_4 = -0.03526444300715339
Key_3_1 = 0.0009655449006139988
Key_3_2 = 0.1801834191117835
Key_3_3 = 0.9836325549717395
Key_3_4 = -0.2896847362269668

[Internal]
Key_1_1 = 914.2339477539062
Key_1_2 = 0.0
Key_1_3 = 640.8177490234375
Key_2_1 = 0.0
Key_2_2 = 912.1910400390625
Key_2_3 = 376.6036071777344
Key_3_1 = 0.0
Key_3_2 = 0.0
Key_3_3 = 1.0

