[Section_A]
Key_1_1 = -0.011799756900422453
Key_1_2 = -0.9999182949772074
Key_1_3 = 0.004916208596616492
Key_2_1 = 0.9999276542936251
Key_2_2 = -0.011811062735344602
Key_2_3 = -0.0022770542177267374
Key_3_1 = 0.002334933819114656
Key_3_2 = 0.004888984243814626
Key_3_3 = 0.9999853228508527

